%YAML:1.0
width: 640
height: 480.
camera_matrix:
   - !!opencv-matrix
      rows: 3
      cols: 3
      dt: f
      data: [ 8.16683838e+02, 0., 3.43247406e+02, 0., 8.15392029e+02,
          2.34109756e+02, 0., 0., 1. ]
   - !!opencv-matrix
      rows: 5
      cols: 1
      dt: f
      data: [ 1.54061005e-01, -3.57598990e-01, -1.33130001e-02,
          5.10600023e-03, 0. ]
